Oscilloscope data. 
Time step = 100,0 nS
Voltage step = 15,63 mV
Zero level = 87

N 	Smpl.	Trig

0	59	0
1	59	0
2	59	0
3	59	0
4	59	0
5	59	0
6	59	0
7	59	0
8	59	0
9	59	0
10	59	0
11	59	0
12	59	0
13	59	0
14	59	0
15	59	0
16	59	0
17	59	0
18	59	0
19	59	0
20	59	0
21	59	0
22	59	0
23	59	0
24	59	0
25	59	0
26	59	0
27	59	0
28	59	0
29	59	0
30	59	0
31	59	0
32	59	0
33	60	0
34	59	0
35	59	0
36	59	0
37	59	0
38	59	0
39	60	0
40	59	0
41	59	0
42	59	0
43	59	0
44	59	0
45	59	0
46	59	0
47	59	0
48	59	0
49	59	0
50	59	0
51	59	0
52	59	0
53	59	0
54	59	0
55	59	0
56	59	0
57	59	0
58	59	0
59	59	0
60	59	0
61	59	0
62	192	0
63	188	0
64	188	0
65	188	0
66	188	0
67	188	0
68	188	0
69	188	0
70	188	0
71	188	0
72	188	0
73	188	0
74	188	0
75	188	0
76	188	0
77	188	0
78	188	0
79	188	0
80	187	0
81	188	0
82	55	0
83	59	0
84	59	0
85	59	0
86	59	0
87	59	0
88	59	0
89	59	0
90	59	0
91	59	0
92	59	0
93	59	0
94	59	0
95	59	0
96	59	0
97	59	0
98	59	0
99	59	0
100	59	0
101	59	0
102	59	0
103	59	0
104	59	0
105	59	0
106	59	0
107	59	0
108	59	0
109	59	0
110	59	0
111	59	0
112	59	0
113	59	0
114	60	0
115	59	0
116	59	0
117	59	0
118	59	0
119	59	0
120	59	0
121	59	0
122	59	0
123	59	0
124	59	0
125	59	0
126	59	0
127	59	0
128	59	0
129	59	0
130	59	0
131	59	0
132	60	0
133	59	0
134	59	0
135	59	0
136	59	0
137	59	0
138	59	0
139	59	0
140	59	0
141	59	0
142	59	0
143	59	0
144	59	0
145	59	0
146	59	0
147	59	0
148	59	0
149	59	0
150	59	0
151	59	0
152	192	0
153	188	0
154	188	0
155	188	0
156	188	0
157	188	0
158	188	0
159	188	0
160	188	0
161	188	0
162	188	0
163	187	0
164	188	0
165	188	0
166	188	0
167	188	0
168	188	0
169	188	0
170	188	0
171	188	0
172	56	0
173	59	0
174	59	0
175	59	0
176	59	0
177	59	0
178	59	0
179	59	0
180	59	0
181	59	0
182	59	0
183	59	0
184	59	0
185	59	0
186	59	0
187	59	0
188	59	0
189	59	0
190	59	0
191	59	0
192	59	0
193	59	0
194	59	0
195	59	0
196	59	0
197	59	0
198	59	0
199	59	0
200	59	0
201	59	0
202	59	0
203	59	0
204	59	0
205	59	0
206	59	0
207	59	0
208	59	0
209	59	0
210	59	0
211	59	0
212	59	0
213	59	0
214	59	0
215	59	0
216	59	0
217	59	0
218	59	0
219	59	0
220	59	0
221	59	0
222	59	0
223	59	0
224	59	0
225	59	0
226	59	0
227	59	0
228	59	0
229	59	0
230	59	0
231	59	0
232	59	0
233	59	0
234	59	0
235	59	0
236	59	0
237	59	0
238	59	0
239	59	0
240	59	0
241	59	0
242	191	0
243	188	0
244	188	0
245	188	0
246	187	0
247	188	0
248	188	0
249	188	0
250	188	0
251	188	0
252	188	0
253	188	0
254	188	0
255	188	0
256	187	0
257	188	0
258	188	0
259	188	0
260	187	0
261	188	0
262	55	0
263	59	0
264	59	0
265	59	0
266	59	0
267	59	0
268	59	0
269	59	0
270	59	0
271	59	0
272	59	0
273	59	0
274	59	0
275	59	0
276	59	0
277	59	0
278	59	0
279	59	0
280	59	0
281	59	0
282	59	0
283	59	0
284	59	0
285	59	0
286	59	0
287	59	0
288	59	0
289	59	0
290	59	0
291	59	0
292	59	0
293	59	0
294	59	0
295	59	0
296	59	0
297	59	0
298	59	0
299	59	0
300	59	0
301	59	0
302	59	0
303	59	0
304	60	0
305	59	0
306	59	0
307	59	0
308	59	0
309	59	0
310	59	0
311	59	0
312	59	0
313	59	0
314	59	0
315	59	0
316	59	0
317	59	0
318	59	0
319	59	0
320	59	0
321	59	0
322	59	0
323	59	0
324	59	0
325	59	0
326	59	0
327	59	0
328	59	0
329	59	0
330	59	0
331	59	0
332	192	0
333	188	0
334	187	0
335	187	0
336	188	0
337	188	0
338	188	0
339	188	0
340	187	0
341	188	0
342	188	0
343	188	0
344	188	0
345	188	0
346	188	0
347	188	0
348	187	0
349	188	0
350	188	0
351	188	0
352	55	0
353	59	0
354	59	0
355	59	0
356	59	0
357	59	0
358	59	0
359	59	0
360	59	0
361	59	0
362	59	0
363	59	0
364	59	0
365	59	0
366	59	0
367	59	0
368	59	0
369	59	0
370	59	0
371	59	0
372	59	0
373	59	0
374	59	0
375	59	0
376	59	0
377	59	0
378	59	0
379	59	0
380	59	0
381	59	0
382	59	0
383	59	0
384	59	0
385	59	0
386	59	0
387	59	0
388	60	0
389	59	0
390	59	0
391	59	0
392	59	0
393	59	0
394	59	0
395	59	0
396	59	0
397	59	0
398	59	0
399	59	0
400	59	0
401	59	0
402	59	0
403	59	0
404	59	0
405	59	0
406	59	0
407	59	0
408	59	0
409	59	0
410	59	0
411	59	0
412	59	0
413	59	0
414	59	0
415	59	0
416	59	0
417	59	0
418	59	0
419	59	0
420	59	0
421	59	0
422	191	0
423	188	0
424	188	0
425	187	0
426	188	0
427	188	0
428	188	0
429	188	0
430	188	0
431	188	0
432	188	0
433	188	0
434	188	0
435	187	0
436	188	0
437	188	0
438	188	0
439	187	0
440	188	0
441	188	0
442	56	0
443	60	0
444	59	0
445	59	0
446	59	0
447	59	0
448	59	0
449	59	0
450	59	0
451	59	0
452	59	0
453	59	0
454	59	0
455	59	0
456	59	0
457	59	0
458	59	0
459	59	0
460	59	0
461	59	0
462	59	0
463	59	0
464	59	0
465	59	0
466	59	0
467	59	0
468	59	0
469	59	0
470	59	0
471	59	0
472	59	0
473	59	0
474	59	0
475	59	0
476	59	0
477	59	0
478	59	0
479	59	0
480	59	0
481	59	0
482	59	0
483	59	0
484	59	0
485	59	0
486	59	0
487	60	0
488	59	0
489	59	0
490	59	0
491	59	0
492	59	0
493	59	0
494	59	0
495	59	0
496	59	0
497	59	0
498	59	0
499	59	0
500	59	0
501	59	0
502	59	0
503	59	0
504	59	0
505	59	0
506	59	0
507	59	0
508	59	0
509	59	0
510	59	0
511	59	0
512	192	0
513	187	0
514	188	0
515	188	0
516	188	0
517	188	0
518	188	0
519	188	0
520	188	0
521	188	0
522	188	0
523	188	0
524	187	0
525	188	0
526	188	0
527	188	0
528	188	0
529	188	0
530	188	0
531	187	0
532	56	0
533	60	0
534	60	0
535	59	0
536	59	0
537	59	0
538	59	0
539	59	0
540	59	0
541	59	0
542	59	0
543	59	0
544	59	0
545	59	0
546	59	0
547	59	0
548	59	0
549	59	0
550	59	0
551	59	0
552	59	0
553	59	0
554	59	0
555	59	0
556	59	0
557	59	0
558	59	0
559	59	0
560	59	0
561	59	0
562	59	0
563	59	0
564	59	0
565	59	0
566	59	0
567	59	0
568	59	0
569	59	0
570	59	0
571	59	0
572	59	0
573	59	0
574	59	0
575	59	0
576	59	0
577	60	0
578	59	0
579	59	0
580	59	0
581	59	0
582	59	0
583	59	0
584	59	0
585	59	0
586	59	0
587	59	0
588	59	0
589	59	0
590	60	0
591	59	0
592	59	0
593	59	0
594	59	0
595	59	0
596	59	0
597	59	0
598	59	0
599	59	0
600	59	0
601	59	0
602	192	0
603	188	0
604	187	0
605	188	0
606	188	0
607	188	0
608	188	0
609	187	0
610	188	0
611	188	0
612	187	0
613	188	0
614	188	0
615	188	0
616	188	0
617	188	0
618	188	0
619	188	0
620	188	0
621	188	0
622	55	0
623	59	0
624	59	0
625	60	0
626	59	0
627	59	0
628	60	0
629	59	0
630	59	0
631	59	0
632	59	0
633	59	0
634	59	0
635	59	0
636	59	0
637	59	0
638	59	0
639	59	0
640	59	0
641	59	0
642	59	0
643	59	0
644	59	0
645	59	0
646	59	0
647	59	0
648	59	0
649	59	0
650	59	0
651	59	0
652	59	0
653	59	0
654	59	0
655	59	0
656	59	0
657	59	0
658	60	0
659	59	0
660	59	0
661	59	0
662	59	0
663	59	0
664	59	0
665	59	0
666	59	0
667	59	0
668	59	0
669	59	0
670	59	0
671	59	0
672	59	0
673	59	0
674	59	0
675	59	0
676	59	0
677	59	0
678	59	0
679	59	0
680	59	0
681	59	0
682	59	0
683	59	0
684	59	0
685	59	0
686	59	0
687	60	0
688	59	0
689	59	0
690	59	0
691	59	0
692	192	0
693	188	0
694	188	0
695	188	0
696	188	0
697	188	0
698	188	0
699	188	0
700	188	0
701	188	0
702	188	0
703	188	0
704	187	0
705	188	0
706	188	0
707	188	0
708	188	0
709	188	0
710	188	0
711	188	0
712	55	0
713	59	0
714	59	0
715	59	0
716	59	0
717	59	0
718	59	0
719	59	0
720	59	0
721	59	0
722	59	0
723	59	0
724	59	0
725	59	0
726	59	0
727	60	0
728	59	0
729	59	0
730	59	0
731	59	0
732	59	0
733	59	0
734	59	0
735	59	0
736	59	0
737	59	0
738	59	0
739	59	0
740	59	0
741	59	0
742	59	0
743	59	0
744	59	0
745	59	0
746	59	0
747	59	0
748	59	0
749	59	0
750	59	0
751	59	0
752	59	0
753	59	0
754	59	0
755	59	0
756	59	0
757	59	0
758	59	0
759	59	0
760	59	0
761	59	0
762	59	0
763	59	0
764	59	0
765	59	0
766	59	0
767	59	0
768	59	0
769	59	0
770	59	0
771	59	0
772	59	0
773	59	0
774	59	0
775	59	0
776	59	0
777	59	0
778	59	0
779	59	0
780	59	0
781	59	0
782	192	0
783	188	0
784	187	0
785	188	0
786	188	0
787	188	0
788	188	0
789	188	0
790	188	0
791	188	0
792	188	0
793	188	0
794	188	0
795	188	0
796	188	0
797	187	0
798	188	0
799	188	0
800	188	0
801	188	0
802	55	0
803	59	0
804	59	0
805	59	0
806	59	0
807	59	0
808	59	0
809	60	0
810	59	0
811	59	0
812	59	0
813	59	0
814	59	0
815	59	0
816	59	0
817	59	0
818	59	0
819	59	0
820	59	0
821	59	0
822	59	0
823	59	0
824	59	0
825	59	0
826	59	0
827	59	0
828	59	0
829	59	0
830	59	0
831	59	0
832	59	0
833	59	0
834	59	0
835	59	0
836	59	0
837	59	0
838	59	0
839	59	0
840	59	0
841	59	0
842	59	0
843	59	0
844	59	0
845	59	0
846	59	0
847	59	0
848	59	0
849	59	0
850	59	0
851	59	0
852	59	0
853	60	0
854	59	0
855	59	0
856	59	0
857	59	0
858	59	0
859	59	0
860	59	0
861	59	0
862	59	0
863	59	0
864	59	0
865	59	0
866	59	0
867	59	0
868	60	0
869	59	0
870	59	0
871	60	0
872	192	0
873	187	0
874	188	0
875	188	0
876	188	0
877	188	0
878	188	0
879	188	0
880	188	0
881	188	0
882	188	0
883	188	0
884	187	0
885	188	0
886	188	0
887	188	0
888	188	0
889	187	0
890	187	0
891	188	0
892	55	0
893	59	0
894	59	0
895	59	0
896	59	0
897	59	0
898	59	0
899	59	0
900	59	0
901	59	0
902	59	0
903	59	0
904	59	0
905	59	0
906	59	0
907	59	0
908	59	0
909	59	0
910	59	0
911	59	0
912	59	0
913	59	0
914	59	0
915	59	0
916	59	0
917	59	0
918	59	0
919	59	0
920	59	0
921	59	0
922	59	0
923	59	0
924	59	0
925	59	0
926	59	0
927	59	0
928	59	0
929	59	0
930	59	0
931	59	0
932	59	0
933	59	0
934	59	0
935	59	0
936	59	0
937	59	0
938	59	0
939	59	0
940	59	0
941	59	0
942	59	0
943	59	0
944	59	0
945	59	0
946	59	0
947	59	0
948	59	0
949	59	0
950	59	0
951	59	0
952	59	0
953	59	0
954	59	0
955	59	0
956	59	0
957	59	0
958	59	0
959	59	0
960	59	0
961	59	0
962	192	0
963	188	0
964	188	0
965	188	0
966	188	0
967	188	0
968	188	0
969	188	0
970	188	0
971	187	0
972	188	0
973	187	0
974	187	0
975	188	0
976	188	0
977	188	0
978	188	0
979	188	0
980	188	0
981	188	0
982	55	0
983	59	0
984	59	0
985	59	0
986	59	0
987	59	0
988	59	0
989	59	0
990	59	0
991	59	0
992	59	0
993	59	0
994	59	0
995	59	0
996	59	0
997	59	0
998	59	0
999	59	0
