Oscilloscope data. 
Time step = 1,000 uS
Voltage step = 15,63 mV
Zero level = 129

N 	Smpl.	Trig

0	147	0
1	92	0
2	65	0
3	85	0
4	137	0
5	183	0
6	191	0
7	153	0
8	99	0
9	66	0
10	80	0
11	129	0
12	179	0
13	193	0
14	161	0
15	106	0
16	68	0
17	75	0
18	120	0
19	172	0
20	194	0
21	168	0
22	114	0
23	72	0
24	71	0
25	113	0
26	167	0
27	195	0
28	175	0
29	123	0
30	76	0
31	68	0
32	104	0
33	160	0
34	193	0
35	180	0
36	131	0
37	80	0
38	66	0
39	99	0
40	153	0
41	191	0
42	184	0
43	139	0
44	87	0
45	65	0
46	92	0
47	145	0
48	187	0
49	188	0
50	147	0
51	92	0
52	65	0
53	84	0
54	137	0
55	183	0
56	191	0
57	153	0
58	99	0
59	67	0
60	79	0
61	129	0
62	179	0
63	193	0
64	161	0
65	107	0
66	68	0
67	75	0
68	120	0
69	173	0
70	194	0
71	168	0
72	115	0
73	71	0
74	71	0
75	113	0
76	167	0
77	193	0
78	175	0
79	123	0
80	76	0
81	68	0
82	104	0
83	160	0
84	193	0
85	180	0
86	131	0
87	80	0
88	65	0
89	98	0
90	153	0
91	191	0
92	184	0
93	139	0
94	85	0
95	65	0
96	91	0
97	145	0
98	188	0
99	188	0
100	146	0
101	92	0
102	65	0
103	85	0
104	137	0
105	184	0
106	191	0
107	153	0
108	99	0
109	67	0
110	80	0
111	129	0
112	179	0
113	193	0
114	161	0
115	107	0
116	68	0
117	75	0
118	120	0
119	173	0
120	195	0
121	168	0
122	113	0
123	72	0
124	71	0
125	113	0
126	167	0
127	193	0
128	175	0
129	123	0
130	76	0
131	68	0
132	104	0
133	160	0
134	193	0
135	180	0
136	131	0
137	80	0
138	66	0
139	99	0
140	152	0
141	191	0
142	184	0
143	139	0
144	87	0
145	65	0
146	91	0
147	144	0
148	188	0
149	188	0
150	147	0
151	92	0
152	65	0
153	85	0
154	137	0
155	184	0
156	191	0
157	154	0
158	99	0
159	67	0
160	79	0
161	129	0
162	179	0
163	192	0
164	161	0
165	107	0
166	68	0
167	75	0
168	121	0
169	173	0
170	195	0
171	167	0
172	114	0
173	71	0
174	71	0
175	113	0
176	167	0
177	194	0
178	174	0
179	123	0
180	76	0
181	68	0
182	104	0
183	160	0
184	193	0
185	179	0
186	131	0
187	80	0
188	66	0
189	99	0
190	153	0
191	191	0
192	184	0
193	139	0
194	86	0
195	65	0
196	91	0
197	144	0
198	188	0
199	188	0
200	146	0
201	93	0
202	65	0
203	84	0
204	136	0
205	184	0
206	191	0
207	155	0
208	99	0
209	67	0
210	80	0
211	129	0
212	179	0
213	193	0
214	161	0
215	107	0
216	68	0
217	75	0
218	121	0
219	173	0
220	194	0
221	168	0
222	115	0
223	71	0
224	71	0
225	113	0
226	167	0
227	195	0
228	175	0
229	123	0
230	76	0
231	68	0
232	105	0
233	160	0
234	193	0
235	180	0
236	131	0
237	80	0
238	65	0
239	99	0
240	152	0
241	191	0
242	184	0
243	139	0
244	86	0
245	65	0
246	91	0
247	145	0
248	188	0
249	188	0
250	147	0
251	92	0
252	65	0
253	85	0
254	137	0
255	184	0
256	191	0
257	154	0
258	99	0
259	67	0
260	79	0
261	129	0
262	179	0
263	193	0
264	161	0
265	107	0
266	68	0
267	75	0
268	120	0
269	173	0
270	194	0
271	167	0
272	114	0
273	71	0
274	71	0
275	113	0
276	167	0
277	193	0
278	175	0
279	123	0
280	75	0
281	68	0
282	104	0
283	160	0
284	193	0
285	179	0
286	130	0
287	80	0
288	65	0
289	99	0
290	152	0
291	191	0
292	184	0
293	139	0
294	87	0
295	65	0
296	91	0
297	145	0
298	187	0
299	188	0
300	147	0
301	92	0
302	65	0
303	85	0
304	137	0
305	184	0
306	191	0
307	153	0
308	100	0
309	67	0
310	80	0
311	129	0
312	179	0
313	193	0
314	161	0
315	107	0
316	68	0
317	75	0
318	120	0
319	173	0
320	194	0
321	167	0
322	115	0
323	71	0
324	71	0
325	113	0
326	167	0
327	195	0
328	174	0
329	123	0
330	76	0
331	68	0
332	104	0
333	160	0
334	192	0
335	180	0
336	131	0
337	80	0
338	67	0
339	98	0
340	152	0
341	191	0
342	184	0
343	139	0
344	85	0
345	65	0
346	91	0
347	144	0
348	187	0
349	188	0
350	146	0
351	92	0
352	65	0
353	85	0
354	137	0
355	184	0
356	191	0
357	155	0
358	100	0
359	66	0
360	79	0
361	129	0
362	179	0
363	193	0
364	161	0
365	107	0
366	68	0
367	75	0
368	121	0
369	173	0
370	194	0
371	168	0
372	114	0
373	72	0
374	71	0
375	113	0
376	167	0
377	195	0
378	173	0
379	122	0
380	76	0
381	68	0
382	104	0
383	160	0
384	193	0
385	180	0
386	131	0
387	80	0
388	65	0
389	99	0
390	152	0
391	191	0
392	184	0
393	139	0
394	85	0
395	65	0
396	91	0
397	145	0
398	187	0
399	188	0
400	147	0
401	92	0
402	65	0
403	85	0
404	137	0
405	184	0
406	191	0
407	153	0
408	99	0
409	67	0
410	80	0
411	129	0
412	179	0
413	192	0
414	161	0
415	107	0
416	68	0
417	75	0
418	121	0
419	172	0
420	194	0
421	168	0
422	114	0
423	71	0
424	71	0
425	113	0
426	167	0
427	195	0
428	174	0
429	123	0
430	76	0
431	68	0
432	105	0
433	160	0
434	193	0
435	180	0
436	131	0
437	80	0
438	65	0
439	98	0
440	152	0
441	191	0
442	184	0
443	139	0
444	87	0
445	65	0
446	91	0
447	145	0
448	187	0
449	188	0
450	147	0
451	92	0
452	65	0
453	85	0
454	137	0
455	184	0
456	191	0
457	155	0
458	99	0
459	67	0
460	79	0
461	129	0
462	179	0
463	193	0
464	161	0
465	107	0
466	68	0
467	75	0
468	120	0
469	173	0
470	195	0
471	168	0
472	113	0
473	72	0
474	71	0
475	113	0
476	167	0
477	194	0
478	174	0
479	123	0
480	76	0
481	68	0
482	105	0
483	160	0
484	193	0
485	180	0
486	131	0
487	80	0
488	66	0
489	99	0
490	152	0
491	191	0
492	184	0
493	139	0
494	86	0
495	65	0
496	91	0
497	144	0
498	187	0
499	188	0
500	147	0
501	92	0
502	65	0
503	85	0
504	136	0
505	184	0
506	191	0
507	155	0
508	100	0
509	67	0
510	80	0
511	129	0
512	179	0
513	193	0
514	161	0
515	107	0
516	68	0
517	75	0
518	121	0
519	172	0
520	194	0
521	167	0
522	115	0
523	72	0
524	71	0
525	113	0
526	167	0
527	194	0
528	175	0
529	123	0
530	76	0
531	68	0
532	104	0
533	160	0
534	192	0
535	180	0
536	131	0
537	80	0
538	65	0
539	99	0
540	153	0
541	191	0
542	184	0
543	138	0
544	86	0
545	65	0
546	91	0
547	145	0
548	187	0
549	188	0
550	147	0
551	92	0
552	65	0
553	84	0
554	137	0
555	184	0
556	191	0
557	154	0
558	99	0
559	66	0
560	80	0
561	129	0
562	179	0
563	193	0
564	161	0
565	107	0
566	68	0
567	75	0
568	120	0
569	173	0
570	195	0
571	168	0
572	113	0
573	71	0
574	71	0
575	113	0
576	167	0
577	194	0
578	175	0
579	123	0
580	75	0
581	68	0
582	104	0
583	160	0
584	193	0
585	179	0
586	131	0
587	80	0
588	65	0
589	99	0
590	152	0
591	191	0
592	184	0
593	139	0
594	87	0
595	65	0
596	92	0
597	144	0
598	188	0
599	188	0
600	146	0
601	92	0
602	65	0
603	85	0
604	137	0
605	183	0
606	192	0
607	153	0
608	99	0
609	67	0
610	79	0
611	129	0
612	179	0
613	192	0
614	161	0
615	107	0
616	68	0
617	75	0
618	120	0
619	172	0
620	194	0
621	168	0
622	115	0
623	71	0
624	71	0
625	113	0
626	167	0
627	193	0
628	175	0
629	123	0
630	76	0
631	68	0
632	105	0
633	160	0
634	192	0
635	180	0
636	131	0
637	80	0
638	65	0
639	99	0
640	152	0
641	191	0
642	184	0
643	139	0
644	85	0
645	65	0
646	91	0
647	144	0
648	187	0
649	188	0
650	147	0
651	92	0
652	65	0
653	85	0
654	137	0
655	183	0
656	191	0
657	153	0
658	100	0
659	66	0
660	80	0
661	129	0
662	179	0
663	193	0
664	161	0
665	107	0
666	68	0
667	75	0
668	120	0
669	173	0
670	194	0
671	168	0
672	114	0
673	71	0
674	71	0
675	113	0
676	167	0
677	195	0
678	175	0
679	122	0
680	76	0
681	68	0
682	104	0
683	160	0
684	193	0
685	180	0
686	131	0
687	80	0
688	67	0
689	98	0
690	153	0
691	191	0
692	184	0
693	139	0
694	85	0
695	65	0
696	92	0
697	145	0
698	187	0
699	188	0
700	146	0
701	92	0
702	65	0
703	85	0
704	137	0
705	184	0
706	191	0
707	153	0
708	99	0
709	67	0
710	80	0
711	129	0
712	179	0
713	192	0
714	161	0
715	107	0
716	68	0
717	75	0
718	121	0
719	173	0
720	194	0
721	168	0
722	114	0
723	72	0
724	71	0
725	113	0
726	167	0
727	194	0
728	175	0
729	122	0
730	75	0
731	68	0
732	104	0
733	160	0
734	193	0
735	180	0
736	131	0
737	80	0
738	65	0
739	99	0
740	152	0
741	191	0
742	184	0
743	139	0
744	87	0
745	65	0
746	91	0
747	144	0
748	188	0
749	188	0
750	147	0
751	92	0
752	65	0
753	84	0
754	137	0
755	183	0
756	191	0
757	155	0
758	99	0
759	67	0
760	80	0
761	129	0
762	179	0
763	192	0
764	161	0
765	107	0
766	68	0
767	75	0
768	121	0
769	173	0
770	194	0
771	168	0
772	113	0
773	71	0
774	71	0
775	113	0
776	167	0
777	193	0
778	173	0
779	123	0
780	76	0
781	68	0
782	105	0
783	160	0
784	193	0
785	179	0
786	131	0
787	80	0
788	66	0
789	99	0
790	152	0
791	191	0
792	184	0
793	139	0
794	87	0
795	65	0
796	92	0
797	145	0
798	188	0
799	188	0
800	146	0
801	92	0
802	65	0
803	84	0
804	137	0
805	184	0
806	191	0
807	155	0
808	99	0
809	67	0
810	80	0
811	129	0
812	179	0
813	192	0
814	161	0
815	107	0
816	68	0
817	76	0
818	120	0
819	173	0
820	195	0
821	168	0
822	114	0
823	72	0
824	71	0
825	113	0
826	167	0
827	194	0
828	175	0
829	123	0
830	75	0
831	68	0
832	104	0
833	160	0
834	193	0
835	180	0
836	131	0
837	80	0
838	66	0
839	99	0
840	153	0
841	191	0
842	184	0
843	139	0
844	86	0
845	65	0
846	91	0
847	145	0
848	188	0
849	188	0
850	147	0
851	92	0
852	65	0
853	85	0
854	137	0
855	184	0
856	191	0
857	154	0
858	99	0
859	66	0
860	80	0
861	129	0
862	179	0
863	192	0
864	161	0
865	107	0
866	68	0
867	75	0
868	121	0
869	173	0
870	194	0
871	168	0
872	114	0
873	71	0
874	71	0
875	113	0
876	167	0
877	194	0
878	175	0
879	123	0
880	76	0
881	68	0
882	104	0
883	160	0
884	193	0
885	180	0
886	131	0
887	80	0
888	65	0
889	99	0
890	153	0
891	191	0
892	184	0
893	139	0
894	87	0
895	65	0
896	92	0
897	144	0
898	187	0
899	188	0
900	147	0
901	92	0
902	65	0
903	84	0
904	137	0
905	183	0
906	191	0
907	155	0
908	99	0
909	67	0
910	79	0
911	129	0
912	179	0
913	193	0
914	161	0
915	107	0
916	69	0
917	75	0
918	120	0
919	173	0
920	194	0
921	168	0
922	113	0
923	72	0
924	71	0
925	113	0
926	167	0
927	193	0
928	174	0
929	123	0
930	76	0
931	68	0
932	105	0
933	160	0
934	193	0
935	180	0
936	131	0
937	80	0
938	67	0
939	99	0
940	153	0
941	191	0
942	184	0
943	139	0
944	87	0
945	65	0
946	91	0
947	144	0
948	187	0
949	188	0
950	147	0
951	92	0
952	65	0
953	85	0
954	137	0
955	184	0
956	191	0
957	153	0
958	99	0
959	65	0
960	80	0
961	129	0
962	179	0
963	192	0
964	161	0
965	107	0
966	68	0
967	75	0
968	120	0
969	173	0
970	194	0
971	168	0
972	114	0
973	71	0
974	71	0
975	113	0
976	167	0
977	194	0
978	175	0
979	123	0
980	76	0
981	68	0
982	105	0
983	160	0
984	193	0
985	180	0
986	130	0
987	80	0
988	65	0
989	99	0
990	152	0
991	191	0
992	184	0
993	139	0
994	85	0
995	65	0
996	91	0
997	145	0
998	188	0
999	189	0
